#lineslist	Inci 1215.00A 	C  4 1550.77A 	H  1 4861.32A 	H  1 6562.80A 	C  3 1908.73A 
iteration 3	1.8104e+06	2.6692e+05	3.1203e+04	1.4983e+05	3.3606e+04
iteration 4	3.2194e+06	4.6001e+05	4.8033e+04	2.4250e+05	4.2581e+04
iteration 4	5.7251e+06	2.4539e+05	6.2813e+04	1.9166e+05	3.0113e+03
iteration 4	1.0181e+07	3.2195e+04	4.6672e+04	1.3050e+05	6.7521e+01
iteration 3	1.8104e+07	1.9157e+04	3.5783e+04	9.7880e+04	1.6307e+01
iteration 3	3.2194e+07	1.1589e+04	3.0845e+04	8.3508e+04	3.9739e+00
iteration 3	5.7251e+07	9.1691e+03	2.4933e+04	6.6522e+04	7.9307e-01
iteration 3	1.0181e+08	6.0956e+03	1.7595e+04	4.6060e+04	3.1797e-02
iteration 3	1.8104e+08	6.0506e+01	1.0053e+04	2.6628e+04	4.6040e-05
iteration 3	3.2194e+08	2.6577e+00	4.5134e+03	1.2629e+04	3.4268e-07
iteration 3	5.7251e+08	4.3754e-01	2.3466e+03	6.5013e+03	1.1740e-08
iteration 3	1.0181e+09	1.7310e-01	1.6775e+03	4.6017e+03	0.0000e+00
iteration 3	1.8104e+09	8.1586e-02	1.1861e+03	3.2507e+03	0.0000e+00
iteration 3	3.2194e+09	3.3692e-02	6.9371e+02	1.9152e+03	0.0000e+00
iteration 3	5.7251e+09	8.1407e-03	4.2511e+02	1.1814e+03	0.0000e+00
iteration 3	1.0181e+10	1.7707e-03	3.0639e+02	8.5401e+02	0.0000e+00
iteration 3	1.8104e+10	4.2366e-04	2.5066e+02	6.9832e+02	0.0000e+00
iteration 3	3.2194e+10	1.1277e-04	2.2195e+02	6.1472e+02	0.0000e+00
iteration 3	5.7251e+10	0.0000e+00	2.0578e+02	5.6082e+02	0.0000e+00
iteration 3	1.0181e+11	0.0000e+00	1.9590e+02	5.1763e+02	0.0000e+00
iteration 3	1.8104e+11	0.0000e+00	1.8837e+02	4.7727e+02	0.0000e+00
iteration 3	3.2194e+11	0.0000e+00	1.7925e+02	4.3820e+02	0.0000e+00
iteration 3	5.7251e+11	0.0000e+00	1.6510e+02	4.0139e+02	0.0000e+00
iteration 3	1.0181e+12	0.0000e+00	1.4502e+02	3.6665e+02	0.0000e+00
iteration 3	1.8104e+12	0.0000e+00	1.2115e+02	3.3123e+02	0.0000e+00
iteration 3	3.2194e+12	0.0000e+00	9.7047e+01	2.9199e+02	0.0000e+00
iteration 3	5.7251e+12	0.0000e+00	7.5666e+01	2.4886e+02	0.0000e+00
iteration 3	1.0181e+13	0.0000e+00	5.8654e+01	2.0546e+02	0.0000e+00
iteration 3	1.8104e+13	0.0000e+00	4.6370e+01	1.6604e+02	0.0000e+00
iteration 3	1.8104e+06	2.9808e+05	3.2642e+04	1.6004e+05	4.9383e+04
iteration 3	3.2194e+06	5.0763e+05	5.5350e+04	2.7833e+05	6.2535e+04
iteration 4	5.7251e+06	8.7512e+05	8.3545e+04	4.3893e+05	7.9214e+04
iteration 4	1.0181e+07	4.5566e+05	1.0786e+05	3.4056e+05	5.4282e+03
iteration 4	1.8104e+07	5.8007e+04	8.2068e+04	2.3088e+05	1.1711e+02
iteration 4	3.2194e+07	3.4359e+04	6.3152e+04	1.7293e+05	2.7957e+01
iteration 3	5.7251e+07	2.0704e+04	5.4472e+04	1.4744e+05	6.7707e+00
iteration 3	1.0181e+08	1.6323e+04	4.3930e+04	1.1714e+05	1.3332e+00
iteration 3	1.8104e+08	1.0640e+04	3.1066e+04	8.1303e+04	5.1296e-02
iteration 3	3.2194e+08	1.0783e+02	1.7901e+04	4.7400e+04	7.7060e-05
iteration 3	5.7251e+08	4.7166e+00	8.0270e+03	2.2436e+04	5.7474e-07
iteration 3	1.0181e+09	7.7592e-01	4.1687e+03	1.1537e+04	1.9805e-08
iteration 3	1.8104e+09	3.0620e-01	2.9761e+03	8.1547e+03	0.0000e+00
iteration 3	3.2194e+09	1.4385e-01	2.1004e+03	5.7495e+03	0.0000e+00
iteration 3	5.7251e+09	5.9199e-02	1.2252e+03	3.3779e+03	0.0000e+00
iteration 3	1.0181e+10	1.4310e-02	7.4853e+02	2.0767e+03	0.0000e+00
iteration 3	1.8104e+10	3.1241e-03	5.3790e+02	1.4948e+03	0.0000e+00
iteration 3	3.2194e+10	7.4948e-04	4.3906e+02	1.2142e+03	0.0000e+00
iteration 3	5.7251e+10	1.9983e-04	3.8851e+02	1.0578e+03	0.0000e+00
iteration 3	1.0181e+11	0.0000e+00	3.6029e+02	9.5142e+02	0.0000e+00
iteration 3	1.8104e+11	0.0000e+00	3.4138e+02	8.6466e+02	0.0000e+00
iteration 3	3.2194e+11	0.0000e+00	3.2217e+02	7.8748e+02	0.0000e+00
iteration 3	5.7251e+11	0.0000e+00	2.9537e+02	7.1804e+02	0.0000e+00
iteration 3	1.0181e+12	0.0000e+00	2.5875e+02	6.5421e+02	0.0000e+00
iteration 3	1.8104e+12	0.0000e+00	2.1585e+02	5.9015e+02	0.0000e+00
iteration 3	3.2194e+12	0.0000e+00	1.7276e+02	5.1980e+02	0.0000e+00
iteration 3	5.7251e+12	0.0000e+00	1.3464e+02	4.4282e+02	0.0000e+00
iteration 3	1.0181e+13	0.0000e+00	1.0434e+02	3.6549e+02	0.0000e+00
iteration 3	1.8104e+13	0.0000e+00	8.2475e+01	2.9532e+02	0.0000e+00
iteration 3	1.8104e+06	3.3050e+05	3.3930e+04	1.6847e+05	7.3100e+04
iteration 3	3.2194e+06	5.6191e+05	5.7765e+04	3.0678e+05	9.1198e+04
iteration 4	5.7251e+06	9.5824e+05	9.6337e+04	5.3472e+05	1.1546e+05
iteration 4	1.0181e+07	1.6544e+06	1.5002e+05	7.9481e+05	1.4659e+05
iteration 4	1.8104e+07	8.4523e+05	1.8452e+05	6.0785e+05	9.7746e+03
iteration 4	3.2194e+07	1.0449e+05	1.4409e+05	4.0952e+05	2.0291e+02
iteration 4	5.7251e+07	6.1585e+04	1.1154e+05	3.0600e+05	4.7803e+01
iteration 4	1.0181e+08	3.6986e+04	9.6182e+04	2.6033e+05	1.1495e+01
iteration 3	1.8104e+08	2.9062e+04	7.7309e+04	2.0597e+05	2.2273e+00
iteration 3	3.2194e+08	1.8507e+04	5.4808e+04	1.4338e+05	8.1900e-02
iteration 3	5.7251e+08	1.8997e+02	3.1836e+04	8.4271e+04	1.2654e-04
iteration 3	1.0181e+09	8.3748e+00	1.4274e+04	3.9867e+04	9.5853e-07
iteration 3	1.8104e+09	1.3746e+00	7.4010e+03	2.0466e+04	3.3165e-08
iteration 3	3.2194e+09	5.4223e-01	5.2746e+03	1.4439e+04	0.0000e+00
iteration 3	5.7251e+09	2.5392e-01	3.7130e+03	1.0151e+04	0.0000e+00
iteration 3	1.0181e+10	1.0433e-01	2.1592e+03	5.9427e+03	0.0000e+00
iteration 3	1.8104e+10	2.5253e-02	1.3149e+03	3.6365e+03	0.0000e+00
iteration 3	3.2194e+10	5.5271e-03	9.4254e+02	2.5994e+03	0.0000e+00
iteration 3	5.7251e+10	1.3282e-03	7.6872e+02	2.0894e+03	0.0000e+00
iteration 3	1.0181e+11	3.5439e-04	6.8032e+02	1.7945e+03	0.0000e+00
iteration 3	1.8104e+11	0.0000e+00	6.2791e+02	1.5894e+03	0.0000e+00
iteration 3	3.2194e+11	0.0000e+00	5.8389e+02	1.4268e+03	0.0000e+00
iteration 3	5.7251e+11	0.0000e+00	5.3088e+02	1.2905e+03	0.0000e+00
iteration 3	1.0181e+12	0.0000e+00	4.6290e+02	1.1704e+03	0.0000e+00
iteration 3	1.8104e+12	0.0000e+00	3.8515e+02	1.0530e+03	0.0000e+00
iteration 3	3.2194e+12	0.0000e+00	3.0781e+02	9.2614e+02	0.0000e+00
iteration 3	5.7251e+12	0.0000e+00	2.3969e+02	7.8833e+02	0.0000e+00
iteration 3	1.0181e+13	0.0000e+00	1.8567e+02	6.5035e+02	0.0000e+00
iteration 3	1.8104e+13	0.0000e+00	1.4672e+02	5.2535e+02	0.0000e+00
iteration 3	1.8104e+06	3.5597e+05	3.5217e+04	1.7587e+05	1.0838e+05
iteration 3	3.2194e+06	6.1751e+05	5.9686e+04	3.3114e+05	1.3384e+05
iteration 4	5.7251e+06	1.0507e+06	9.9499e+04	6.3267e+05	1.6689e+05
iteration 4	1.0181e+07	1.7929e+06	1.6776e+05	1.0898e+06	2.1140e+05
iteration 4	1.8104e+07	3.1005e+06	2.7875e+05	1.4376e+06	2.6970e+05
iteration 4	3.2194e+07	1.5632e+06	3.1897e+05	1.0878e+06	1.7544e+04
iteration 4	5.7251e+07	1.8821e+05	2.5235e+05	7.2850e+05	3.5077e+02
iteration 4	1.0181e+08	1.1037e+05	1.9691e+05	5.4188e+05	8.1393e+01
iteration 4	1.8104e+08	6.6081e+04	1.6983e+05	4.5954e+05	1.9419e+01
iteration 3	3.2194e+08	5.1744e+04	1.3582e+05	3.6134e+05	3.6898e+00
iteration 3	5.7251e+08	3.2137e+04	9.6662e+04	2.5263e+05	1.2942e-01
iteration 3	1.0181e+09	3.2478e+02	5.6308e+04	1.4891e+05	1.9865e-04
iteration 3	1.8104e+09	1.4818e+01	2.5366e+04	7.0799e+04	1.5792e-06
iteration 3	3.2194e+09	2.4285e+00	1.3126e+04	3.6277e+04	5.4896e-08
iteration 3	5.7251e+09	9.5928e-01	9.3325e+03	2.5522e+04	0.0000e+00
iteration 3	1.0181e+10	4.4918e-01	6.5507e+03	1.7878e+04	0.0000e+00
iteration 3	1.8104e+10	1.8437e-01	3.7962e+03	1.0411e+04	0.0000e+00
iteration 3	3.2194e+10	4.4679e-02	2.3054e+03	6.3240e+03	0.0000e+00
iteration 3	5.7251e+10	9.7947e-03	1.6512e+03	4.4730e+03	0.0000e+00
iteration 3	1.0181e+11	2.3552e-03	1.3466e+03	3.5448e+03	0.0000e+00
iteration 3	1.8104e+11	6.2833e-04	1.1859e+03	2.9982e+03	0.0000e+00
iteration 3	3.2194e+11	0.0000e+00	1.0740e+03	2.6231e+03	0.0000e+00
iteration 3	5.7251e+11	0.0000e+00	9.6215e+02	2.3384e+03	0.0000e+00
iteration 3	1.0181e+12	0.0000e+00	8.3200e+02	2.1036e+03	0.0000e+00
iteration 3	1.8104e+12	0.0000e+00	6.8903e+02	1.8840e+03	0.0000e+00
iteration 3	3.2194e+12	0.0000e+00	5.4924e+02	1.6526e+03	0.0000e+00
iteration 3	5.7251e+12	0.0000e+00	4.2706e+02	1.4046e+03	0.0000e+00
iteration 3	1.0181e+13	0.0000e+00	3.3054e+02	1.1578e+03	0.0000e+00
iteration 3	1.8104e+13	0.0000e+00	2.6108e+02	9.3482e+02	0.0000e+00
iteration 3	1.8104e+06	3.5826e+05	3.5640e+04	1.7927e+05	1.5573e+05
iteration 3	3.2194e+06	6.4876e+05	6.0133e+04	3.4535e+05	1.9248e+05
iteration 4	5.7251e+06	1.1249e+06	1.0064e+05	7.0940e+05	2.3622e+05
iteration 4	1.0181e+07	1.9136e+06	1.7702e+05	1.4882e+06	2.9232e+05
iteration 5	1.8104e+07	3.2668e+06	3.2026e+05	2.3850e+06	3.6755e+05
iteration 4	3.2194e+07	5.6450e+06	5.3899e+05	2.5651e+06	4.6557e+05
iteration 4	5.7251e+07	2.9176e+06	5.6858e+05	1.9480e+06	3.2100e+04
iteration 4	1.0181e+08	3.4018e+05	4.4148e+05	1.2996e+06	6.0810e+02
iteration 4	1.8104e+08	1.9817e+05	3.4740e+05	9.6080e+05	1.3791e+02
iteration 4	3.2194e+08	1.1809e+05	2.9963e+05	8.1038e+05	3.2538e+01
iteration 3	5.7251e+08	9.2151e+04	2.3817e+05	6.3210e+05	6.0350e+00
iteration 3	1.0181e+09	5.5334e+04	1.7029e+05	4.4401e+05	1.9920e-01
iteration 3	1.8104e+09	5.6894e+02	1.0024e+05	2.6447e+05	3.1657e-04
iteration 3	3.2194e+09	2.6162e+01	4.5058e+04	1.2557e+05	2.5626e-06
iteration 3	5.7251e+09	4.2956e+00	2.3250e+04	6.4175e+04	8.9732e-08
iteration 3	1.0181e+10	1.6968e+00	1.6484e+04	4.4975e+04	0.0000e+00
iteration 3	1.8104e+10	7.9497e-01	1.1535e+04	3.1336e+04	0.0000e+00
iteration 3	3.2194e+10	3.2659e-01	6.6660e+03	1.8110e+04	0.0000e+00
iteration 3	5.7251e+10	7.9194e-02	4.0435e+03	1.0884e+04	0.0000e+00
iteration 3	1.0181e+11	1.7371e-02	2.8946e+03	7.5900e+03	0.0000e+00
iteration 3	1.8104e+11	4.1760e-03	2.3482e+03	5.9239e+03	0.0000e+00
iteration 3	3.2194e+11	1.1130e-03	2.0287e+03	4.9497e+03	0.0000e+00
iteration 3	5.7251e+11	0.0000e+00	1.7698e+03	4.3003e+03	0.0000e+00
iteration 3	1.0181e+12	0.0000e+00	1.5079e+03	3.8126e+03	0.0000e+00
iteration 3	1.8104e+12	0.0000e+00	1.2384e+03	3.3866e+03	0.0000e+00
iteration 3	3.2194e+12	0.0000e+00	9.8262e+02	2.9568e+03	0.0000e+00
iteration 3	5.7251e+12	0.0000e+00	7.6204e+02	2.5064e+03	0.0000e+00
iteration 3	1.0181e+13	0.0000e+00	5.8894e+02	2.0629e+03	0.0000e+00
iteration 3	1.8104e+13	0.0000e+00	4.6479e+02	1.6642e+03	0.0000e+00
iteration 3	1.8104e+06	3.3858e+05	3.6708e+04	1.8720e+05	2.1889e+05
iteration 3	3.2194e+06	6.5707e+05	6.1230e+04	3.6249e+05	2.7806e+05
iteration 3	5.7251e+06	1.1893e+06	1.0276e+05	7.6316e+05	3.4362e+05
iteration 4	1.0181e+07	2.0613e+06	1.8378e+05	1.7500e+06	4.2174e+05
iteration 4	1.8104e+07	3.5069e+06	3.8796e+05	3.5799e+06	5.2284e+05
iteration 5	3.2194e+07	5.9877e+06	6.9483e+05	4.9184e+06	6.6209e+05
iteration 4	5.7251e+07	1.0380e+07	1.1028e+06	4.5251e+06	8.4940e+05
iteration 4	1.0181e+08	5.3429e+06	1.0630e+06	3.4610e+06	5.6930e+04
iteration 4	1.8104e+08	6.1488e+05	7.7615e+05	2.3207e+06	1.0434e+03
iteration 4	3.2194e+08	3.5605e+05	6.1139e+05	1.7031e+06	2.3112e+02
iteration 4	5.7251e+08	2.1124e+05	5.2822e+05	1.4285e+06	5.3824e+01
iteration 3	1.0181e+09	1.6409e+05	4.1677e+05	1.1016e+06	9.6591e+00
iteration 3	1.8104e+09	9.4905e+04	3.0024e+05	7.7871e+05	2.9921e-01
iteration 3	3.2194e+09	1.0176e+03	1.7986e+05	4.7159e+05	5.0588e-04
iteration 3	5.7251e+09	4.6292e+01	8.0218e+04	2.2225e+05	4.0912e-06
iteration 3	1.0181e+10	7.6077e+00	4.1213e+04	1.1312e+05	1.4374e-07
iteration 3	1.8104e+10	3.0070e+00	2.9119e+04	7.8825e+04	0.0000e+00
iteration 3	3.2194e+10	1.4086e+00	2.0325e+04	5.4511e+04	0.0000e+00
iteration 3	5.7251e+10	5.7903e-01	1.1724e+04	3.1167e+04	0.0000e+00
iteration 3	1.0181e+11	1.4049e-01	7.1012e+03	1.8473e+04	0.0000e+00
iteration 3	1.8104e+11	3.0802e-02	5.0521e+03	1.2690e+04	0.0000e+00
iteration 3	3.2194e+11	7.3969e-03	4.0183e+03	9.7849e+03	0.0000e+00
iteration 3	5.7251e+11	1.9674e-03	3.3432e+03	8.1183e+03	0.0000e+00
iteration 3	1.0181e+12	0.0000e+00	2.7737e+03	7.0134e+03	0.0000e+00
iteration 3	1.8104e+12	0.0000e+00	2.2446e+03	6.1389e+03	0.0000e+00
iteration 3	3.2194e+12	0.0000e+00	1.7663e+03	5.3155e+03	0.0000e+00
iteration 3	5.7251e+12	0.0000e+00	1.3635e+03	4.4846e+03	0.0000e+00
iteration 3	1.0181e+13	0.0000e+00	1.0510e+03	3.6812e+03	0.0000e+00
iteration 3	1.8104e+13	0.0000e+00	8.2822e+02	2.9653e+03	0.0000e+00
iteration 3	1.8104e+06	2.8606e+05	3.7370e+04	1.9447e+05	2.8601e+05
iteration 3	3.2194e+06	6.1671e+05	6.1838e+04	3.8153e+05	3.8480e+05
iteration 3	5.7251e+06	1.1964e+06	1.0254e+05	7.9446e+05	4.8876e+05
iteration 4	1.0181e+07	2.1635e+06	1.8396e+05	1.8037e+06	6.0396e+05
iteration 4	1.8104e+07	3.7478e+06	4.0639e+05	4.0493e+06	7.4355e+05
iteration 4	3.2194e+07	6.3795e+06	8.7249e+05	7.2178e+06	9.3060e+05
iteration 5	5.7251e+07	1.0899e+07	1.5313e+06	9.0640e+06	1.2008e+06
iteration 5	1.0181e+08	1.8911e+07	2.2999e+06	7.6639e+06	1.5866e+06
iteration 4	1.8104e+08	9.7432e+06	2.0560e+06	6.0534e+06	1.0015e+05
iteration 4	3.2194e+08	1.1135e+06	1.3876e+06	4.1350e+06	1.7686e+03
iteration 4	5.7251e+08	6.4055e+05	1.0754e+06	3.0211e+06	3.8046e+02
iteration 4	1.0181e+09	3.7803e+05	9.2983e+05	2.5168e+06	8.7076e+01
iteration 4	1.8104e+09	2.9215e+05	7.2801e+05	1.9149e+06	1.4986e+01
iteration 3	3.2194e+09	1.6042e+05	5.2970e+05	1.3620e+06	4.2591e-01
iteration 3	5.7251e+09	1.7295e+03	3.2077e+05	8.3021e+05	7.3661e-04
iteration 3	1.0181e+10	8.1917e+01	1.4335e+05	3.9180e+05	6.3284e-06
iteration 3	1.8104e+10	1.3493e+01	7.3237e+04	1.9827e+05	2.2307e-07
iteration 3	3.2194e+10	5.3335e+00	5.1567e+04	1.3708e+05	0.0000e+00
iteration 3	5.7251e+10	2.4990e+00	3.5903e+04	9.3821e+04	0.0000e+00
iteration 3	1.0181e+11	1.0272e+00	2.0647e+04	5.2932e+04	0.0000e+00
iteration 3	1.8104e+11	2.4918e-01	1.2409e+04	3.0915e+04	0.0000e+00
iteration 3	3.2194e+11	5.4567e-02	8.6477e+03	2.0983e+04	0.0000e+00
iteration 3	5.7251e+11	1.3075e-02	6.6215e+03	1.6063e+04	0.0000e+00
iteration 3	1.0181e+12	3.4658e-03	5.2392e+03	1.3248e+04	0.0000e+00
iteration 3	1.8104e+12	0.0000e+00	4.1291e+03	1.1296e+04	0.0000e+00
iteration 3	3.2194e+12	0.0000e+00	3.2016e+03	9.6368e+03	0.0000e+00
iteration 3	5.7251e+12	0.0000e+00	2.4511e+03	8.0625e+03	0.0000e+00
iteration 3	1.0181e+13	0.0000e+00	1.8806e+03	6.5869e+03	0.0000e+00
iteration 3	1.8104e+13	0.0000e+00	1.4781e+03	5.2916e+03	0.0000e+00
iteration 3	1.8104e+06	2.0832e+05	3.7880e+04	2.0734e+05	3.3332e+05
iteration 3	3.2194e+06	5.1857e+05	6.1976e+04	4.0639e+05	4.9273e+05
iteration 3	5.7251e+06	1.1172e+06	1.0173e+05	8.2973e+05	6.6278e+05
iteration 3	1.0181e+07	2.1663e+06	1.8523e+05	1.7958e+06	8.4228e+05
iteration 4	1.8104e+07	3.9153e+06	3.9850e+05	4.0142e+06	1.0447e+06
iteration 4	3.2194e+07	6.7782e+06	9.5007e+05	8.0689e+06	1.2962e+06
iteration 4	5.7251e+07	1.1534e+07	1.8770e+06	1.2300e+07	1.6535e+06
iteration 5	1.0181e+08	1.9668e+07	3.1079e+06	1.4840e+07	2.2303e+06
iteration 9	1.8104e+08	3.4045e+07	4.3086e+06	1.2448e+07	3.1012e+06
iteration 4	3.2194e+08	1.7644e+07	4.0014e+06	1.0276e+07	1.7331e+05
iteration 4	5.7251e+08	2.0229e+06	2.5501e+06	7.3023e+06	2.9425e+03
iteration 4	1.0181e+09	1.1538e+06	1.8975e+06	5.3568e+06	6.0752e+02
iteration 4	1.8104e+09	6.7700e+05	1.6361e+06	4.4371e+06	1.3615e+02
iteration 4	3.2194e+09	5.1974e+05	1.2715e+06	3.3299e+06	2.2246e+01
iteration 3	5.7251e+09	2.6841e+05	9.3561e+05	2.3782e+06	5.7173e-01
iteration 3	1.0181e+10	3.0363e+03	5.7931e+05	1.4687e+06	1.0635e-03
iteration 3	1.8104e+10	1.4513e+02	2.5801e+05	6.8738e+05	9.3596e-06
iteration 3	3.2194e+10	2.3952e+01	1.3094e+05	3.4492e+05	3.2984e-07
iteration 3	5.7251e+10	9.4689e+00	9.1793e+04	2.3610e+05	0.0000e+00
iteration 3	1.0181e+11	4.4355e+00	6.3571e+04	1.5963e+05	0.0000e+00
iteration 3	1.8104e+11	1.8222e+00	3.6164e+04	8.8791e+04	0.0000e+00
iteration 3	3.2194e+11	4.4169e-01	2.1251e+04	5.1232e+04	0.0000e+00
iteration 3	5.7251e+11	9.6469e-02	1.4247e+04	3.4501e+04	0.0000e+00
iteration 3	1.0181e+12	2.3034e-02	1.0375e+04	2.6238e+04	0.0000e+00
iteration 3	1.8104e+12	6.0749e-03	7.7998e+03	2.1349e+04	0.0000e+00
iteration 3	3.2194e+12	0.0000e+00	5.8908e+03	1.7737e+04	0.0000e+00
iteration 3	5.7251e+12	0.0000e+00	4.4442e+03	1.4619e+04	0.0000e+00
iteration 3	1.0181e+13	0.0000e+00	3.3817e+03	1.1843e+04	0.0000e+00
iteration 3	1.8104e+13	0.0000e+00	2.6453e+03	9.4690e+03	0.0000e+00
iteration 3	1.8104e+06	1.2614e+05	3.8418e+04	2.2575e+05	3.3393e+05
iteration 3	3.2194e+06	3.7775e+05	6.2055e+04	4.4164e+05	5.5912e+05
iteration 3	5.7251e+06	9.3836e+05	1.0141e+05	8.8575e+05	8.2551e+05
iteration 3	1.0181e+07	2.0195e+06	1.8445e+05	1.8402e+06	1.1110e+06
iteration 4	1.8104e+07	3.9136e+06	3.9166e+05	3.9177e+06	1.4163e+06
iteration 4	3.2194e+07	7.0691e+06	9.6339e+05	7.8964e+06	1.7700e+06
iteration 4	5.7251e+07	1.2224e+07	2.0491e+06	1.3846e+07	2.2315e+06
iteration 4	1.0181e+08	2.0742e+07	3.6216e+06	1.9394e+07	2.9712e+06
iteration 5	1.8104e+08	3.4999e+07	5.6965e+06	2.1796e+07	4.5192e+06
iteration 5	3.2194e+08	6.0131e+07	7.8577e+06	1.9628e+07	4.1461e+06
iteration 4	5.7251e+08	3.1523e+07	7.4255e+06	1.6880e+07	2.9187e+05
iteration 4	1.0181e+09	3.6888e+06	4.8598e+06	1.2610e+07	4.7455e+03
iteration 4	1.8104e+09	2.0806e+06	3.3938e+06	9.4708e+06	9.2676e+02
iteration 4	3.2194e+09	1.2131e+06	2.8859e+06	7.8313e+06	2.0230e+02
iteration 4	5.7251e+09	9.2481e+05	2.2207e+06	5.8085e+06	3.1164e+01
iteration 3	1.0181e+10	4.4492e+05	1.6534e+06	4.1566e+06	7.1318e-01
iteration 3	1.8104e+10	5.1662e+03	1.0444e+06	2.5806e+06	1.3884e-03
iteration 3	3.2194e+10	2.5666e+02	4.6787e+05	1.2009e+06	1.2962e-05
iteration 3	5.7251e+10	4.2537e+01	2.3574e+05	5.9592e+05	4.5655e-07
iteration 3	1.0181e+11	1.6816e+01	1.6376e+05	4.0340e+05	0.0000e+00
iteration 3	1.8104e+11	7.8753e+00	1.1177e+05	2.6932e+05	0.0000e+00
iteration 3	3.2194e+11	3.2282e+00	6.1973e+04	1.4787e+05	0.0000e+00
iteration 3	5.7251e+11	7.8035e-01	3.5004e+04	8.4535e+04	0.0000e+00
iteration 3	1.0181e+12	1.6983e-01	2.2321e+04	5.6475e+04	0.0000e+00
iteration 3	1.8104e+12	4.0348e-02	1.5449e+04	4.2328e+04	0.0000e+00
iteration 3	3.2194e+12	1.0568e-02	1.1132e+04	3.3538e+04	0.0000e+00
iteration 3	5.7251e+12	0.0000e+00	8.1808e+03	2.6913e+04	0.0000e+00
iteration 3	1.0181e+13	0.0000e+00	6.1339e+03	2.1477e+04	0.0000e+00
iteration 3	1.8104e+13	0.0000e+00	4.7581e+03	1.7027e+04	0.0000e+00
iteration 3	1.8104e+06	6.0763e+04	3.9209e+04	2.5134e+05	2.7778e+05
iteration 3	3.2194e+06	2.2963e+05	6.2815e+04	4.9063e+05	5.3831e+05
iteration 3	5.7251e+06	6.8609e+05	1.0265e+05	9.6768e+05	9.0058e+05
iteration 3	1.0181e+07	1.7001e+06	1.8997e+05	1.9476e+06	1.3296e+06
iteration 4	1.8104e+07	3.6513e+06	4.0799e+05	3.9340e+06	1.7938e+06
iteration 4	3.2194e+07	7.0722e+06	9.7156e+05	7.6507e+06	2.3031e+06
iteration 4	5.7251e+07	1.2746e+07	2.0987e+06	1.3818e+07	2.9194e+06
iteration 4	1.0181e+08	2.1953e+07	3.9798e+06	2.1566e+07	3.8249e+06
iteration 4	1.8104e+08	3.6656e+07	6.4123e+06	2.8145e+07	5.6563e+06
iteration 4	3.2194e+08	5.9262e+07	9.2573e+06	2.9833e+07	1.1422e+07
iteration 5	5.7251e+08	9.5693e+07	1.3391e+07	2.9091e+07	4.6939e+06
iteration 4	1.0181e+09	5.5603e+07	1.3219e+07	2.6578e+07	4.7563e+05
iteration 4	1.8104e+09	6.7591e+06	9.2552e+06	2.1040e+07	7.3062e+03
iteration 4	3.2194e+09	3.7625e+06	6.2512e+06	1.6491e+07	1.3301e+03
iteration 4	5.7251e+09	2.1774e+06	5.1437e+06	1.3778e+07	2.8172e+02
iteration 4	1.0181e+10	1.6449e+06	3.8796e+06	1.0176e+07	4.0592e+01
iteration 3	1.8104e+10	7.3582e+05	2.9134e+06	7.2949e+06	8.2403e-01
iteration 3	3.2194e+10	9.0891e+03	1.8913e+06	4.5767e+06	1.7450e-03
iteration 3	5.7251e+10	4.5283e+02	8.4874e+05	2.0961e+06	1.6571e-05
iteration 3	1.0181e+11	7.5515e+01	4.2352e+05	1.0263e+06	5.8315e-07
iteration 3	1.8104e+11	2.9859e+01	2.8882e+05	6.8666e+05	0.0000e+00
iteration 3	3.2194e+11	1.3976e+01	1.9156e+05	4.5285e+05	0.0000e+00
iteration 3	5.7251e+11	5.6993e+00	1.0202e+05	2.4566e+05	0.0000e+00
iteration 3	1.0181e+12	1.3714e+00	5.4828e+04	1.3890e+05	0.0000e+00
iteration 3	1.8104e+12	2.9675e-01	3.3249e+04	9.1272e+04	0.0000e+00
iteration 3	3.2194e+12	7.0000e-02	2.2065e+04	6.6548e+04	0.0000e+00
iteration 3	5.7251e+12	1.8161e-02	1.5472e+04	5.0909e+04	0.0000e+00
iteration 3	1.0181e+13	0.0000e+00	1.1299e+04	3.9549e+04	0.0000e+00
iteration 3	1.8104e+13	0.0000e+00	8.6345e+03	3.0884e+04	0.0000e+00
iteration 3	1.8104e+06	2.2382e+04	4.0584e+04	2.8883e+05	1.8701e+05
iteration 3	3.2194e+06	1.1138e+05	6.5204e+04	5.5539e+05	4.2391e+05
iteration 3	5.7251e+06	4.1981e+05	1.0785e+05	1.0863e+06	8.2052e+05
iteration 3	1.0181e+07	1.2517e+06	2.0627e+05	2.1231e+06	1.3735e+06
iteration 3	1.8104e+07	3.0904e+06	4.5366e+05	4.0925e+06	2.0330e+06
iteration 4	3.2194e+07	6.6213e+06	1.0184e+06	7.6162e+06	2.7573e+06
iteration 4	5.7251e+07	1.2779e+07	2.1379e+06	1.3331e+07	3.5835e+06
iteration 4	1.0181e+08	2.2883e+07	4.0394e+06	2.1756e+07	4.6778e+06
iteration 4	1.8104e+08	3.8536e+07	6.8751e+06	3.1162e+07	6.6915e+06
iteration 4	3.2194e+08	6.1280e+07	1.0083e+07	3.8833e+07	1.2407e+07
iteration 4	5.7251e+08	9.1346e+07	1.3895e+07	3.7969e+07	3.2093e+07
iteration 5	1.0181e+09	1.4320e+08	2.1298e+07	4.1063e+07	5.8158e+06
iteration 4	1.8104e+09	9.5842e+07	2.1297e+07	4.0215e+07	7.3968e+05
iteration 4	3.2194e+09	1.2462e+07	1.6791e+07	3.3893e+07	1.0582e+04
iteration 4	5.7251e+09	6.8166e+06	1.1811e+07	2.7717e+07	1.7723e+03
iteration 4	1.0181e+10	3.9167e+06	9.3854e+06	2.3806e+07	3.6394e+02
iteration 4	1.8104e+10	2.9304e+06	6.7986e+06	1.7857e+07	4.9011e+01
iteration 3	3.2194e+10	1.2320e+06	5.0993e+06	1.2879e+07	8.9581e-01
iteration 3	5.7251e+10	1.5812e+04	3.3684e+06	8.1313e+06	1.9970e-03
iteration 3	1.0181e+11	8.0054e+02	1.5185e+06	3.6761e+06	1.9544e-05
iteration 3	1.8104e+11	1.3384e+02	7.4581e+05	1.7735e+06	6.8455e-07
iteration 3	3.2194e+11	5.2972e+01	4.9355e+05	1.1720e+06	0.0000e+00
iteration 3	5.7251e+11	2.4788e+01	3.1446e+05	7.6229e+05	0.0000e+00
iteration 3	1.0181e+12	1.0016e+01	1.5967e+05	4.0661e+05	0.0000e+00
iteration 3	1.8104e+12	2.3940e+00	8.1726e+04	2.2522e+05	0.0000e+00
iteration 3	3.2194e+12	5.1349e-01	4.7553e+04	1.4369e+05	0.0000e+00
iteration 3	5.7251e+12	1.1993e-01	3.0711e+04	1.0108e+05	0.0000e+00
iteration 3	1.0181e+13	3.0712e-02	2.1394e+04	7.4839e+04	0.0000e+00
iteration 3	1.8104e+13	0.0000e+00	1.5918e+04	5.6887e+04	0.0000e+00
iteration 3	1.8104e+06	6.2021e+03	4.2829e+04	3.4145e+05	9.9787e+04
iteration 3	3.2194e+06	4.1274e+04	7.0112e+04	6.5676e+05	2.6555e+05
iteration 3	5.7251e+06	2.0567e+05	1.2025e+05	1.2580e+06	6.0315e+05
iteration 3	1.0181e+07	7.7493e+05	2.4094e+05	2.3782e+06	1.1712e+06
iteration 3	1.8104e+07	2.2993e+06	5.3253e+05	4.3969e+06	1.9639e+06
iteration 4	3.2194e+07	5.6446e+06	1.1314e+06	7.8085e+06	2.9161e+06
iteration 4	5.7251e+07	1.2019e+07	2.2486e+06	1.3008e+07	3.9898e+06
iteration 4	1.0181e+08	2.2940e+07	4.0446e+06	2.0843e+07	5.2685e+06
iteration 4	1.8104e+08	3.9896e+07	6.8465e+06	3.1505e+07	7.2870e+06
iteration 4	3.2194e+08	6.3912e+07	1.0266e+07	4.2839e+07	1.2338e+07
iteration 4	5.7251e+08	9.4506e+07	1.4550e+07	5.0746e+07	2.7941e+07
iteration 10	1.0181e+09	1.3358e+08	1.9751e+07	4.6726e+07	6.4640e+07
iteration 5	1.8104e+09	2.0753e+08	3.0664e+07	5.5530e+07	7.2498e+06
iteration 5	3.2194e+09	1.6080e+08	3.3644e+07	5.8587e+07	1.0855e+06
iteration 5	5.7251e+09	2.3125e+07	2.8114e+07	5.3656e+07	1.4261e+04
iteration 4	1.0181e+10	1.2378e+07	2.1482e+07	4.4626e+07	2.1895e+03
iteration 5	1.8104e+10	7.0608e+06	1.6858e+07	4.0175e+07	4.3650e+02
iteration 4	3.2194e+10	5.2281e+06	1.1999e+07	3.0926e+07	5.5138e+01
iteration 4	5.7251e+10	2.0873e+06	8.8153e+06	2.2745e+07	9.2222e-01
iteration 3	1.0181e+11	2.7619e+04	5.8453e+06	1.4520e+07	2.1354e-03
iteration 3	1.8104e+11	1.4186e+03	2.6285e+06	6.4986e+06	2.1434e-05
iteration 3	3.2194e+11	2.3742e+02	1.2622e+06	3.0903e+06	7.4648e-07
iteration 3	5.7251e+11	9.3870e+01	8.0438e+05	2.0091e+06	0.0000e+00
iteration 3	1.0181e+12	4.3884e+01	4.9089e+05	1.2790e+06	0.0000e+00
iteration 3	1.8104e+12	1.7495e+01	2.3829e+05	6.6350e+05	0.0000e+00
iteration 3	3.2194e+12	4.1424e+00	1.1719e+05	3.5551e+05	0.0000e+00
iteration 3	5.7251e+12	8.7754e-01	6.6364e+04	2.1852e+05	0.0000e+00
iteration 3	1.0181e+13	2.0216e-01	4.2561e+04	1.4870e+05	0.0000e+00
iteration 3	1.8104e+13	5.0856e-02	3.0185e+04	1.0770e+05	0.0000e+00
iteration 4	1.8104e+06	1.3052e+03	4.6228e+04	4.1376e+05	4.2032e+04
iteration 3	3.2194e+06	1.1314e+04	7.9186e+04	7.9608e+05	1.2987e+05
iteration 3	5.7251e+06	7.6193e+04	1.4573e+05	1.4969e+06	3.4851e+05
iteration 3	1.0181e+07	3.8263e+05	3.0747e+05	2.7295e+06	7.9851e+05
iteration 3	1.8104e+07	1.4452e+06	6.6519e+05	4.8139e+06	1.5583e+06
iteration 4	3.2194e+07	4.2475e+06	1.3175e+06	8.1247e+06	2.6189e+06
iteration 4	5.7251e+07	1.0305e+07	2.4266e+06	1.2922e+07	3.8914e+06
iteration 4	1.0181e+08	2.1541e+07	4.1255e+06	1.9937e+07	5.3178e+06
iteration 4	1.8104e+08	3.9700e+07	6.7121e+06	3.0088e+07	7.2358e+06
iteration 4	3.2194e+08	6.5925e+07	1.0405e+07	4.2977e+07	1.1164e+07
iteration 4	5.7251e+08	9.9787e+07	1.4453e+07	5.5681e+07	2.1658e+07
iteration 4	1.0181e+09	1.4080e+08	1.9513e+07	6.2023e+07	4.6487e+07
iteration 5	1.8104e+09	1.9887e+08	3.0364e+07	6.4127e+07	9.7419e+07
iteration 5	3.2194e+09	3.0003e+08	4.1464e+07	7.1863e+07	8.9621e+06
iteration 5	5.7251e+09	2.6240e+08	4.7626e+07	7.6995e+07	1.5023e+06
iteration 5	1.0181e+10	4.3254e+07	4.5811e+07	7.5669e+07	1.7968e+04
iteration 5	1.8104e+10	2.2527e+07	3.5533e+07	7.0115e+07	2.5272e+03
iteration 5	3.2194e+10	1.2753e+07	2.9820e+07	6.3514e+07	4.9168e+02
iteration 5	5.7251e+10	9.3368e+06	2.1020e+07	5.1797e+07	5.8630e+01
iteration 4	1.0181e+11	3.5511e+06	1.5069e+07	3.9761e+07	9.0226e-01
iteration 3	1.8104e+11	4.8478e+04	9.8108e+06	2.5880e+07	2.1719e-03
iteration 3	3.2194e+11	2.5152e+03	4.3443e+06	1.1524e+07	2.2158e-05
iteration 3	5.7251e+11	4.2121e+02	2.0310e+06	5.4019e+06	7.6814e-07
iteration 3	1.0181e+12	1.6630e+02	1.2472e+06	3.4257e+06	0.0000e+00
iteration 3	1.8104e+12	7.7447e+01	7.3330e+05	2.1093e+06	0.0000e+00
iteration 3	3.2194e+12	3.0325e+01	3.4339e+05	1.0520e+06	0.0000e+00
iteration 3	5.7251e+12	7.0859e+00	1.6437e+05	5.4170e+05	0.0000e+00
iteration 3	1.0181e+13	1.4756e+00	9.2337e+04	3.2184e+05	0.0000e+00
iteration 3	1.8104e+13	3.3362e-01	6.0206e+04	2.1419e+05	0.0000e+00
iteration 4	1.8104e+06	2.1251e+02	5.1477e+04	5.0579e+05	1.4345e+04
iteration 3	3.2194e+06	2.3500e+03	9.5230e+04	9.7919e+05	5.0240e+04
iteration 3	5.7251e+06	2.0896e+04	1.9385e+05	1.8088e+06	1.5783e+05
iteration 3	1.0181e+07	1.4405e+05	4.2033e+05	3.1729e+06	4.3156e+05
iteration 3	1.8104e+07	7.2833e+05	8.5671e+05	5.3058e+06	9.9849e+05
iteration 4	3.2194e+07	2.7141e+06	1.5664e+06	8.4802e+06	1.9450e+06
iteration 4	5.7251e+07	7.8199e+06	2.6680e+06	1.2923e+07	3.2331e+06
iteration 4	1.0181e+08	1.8422e+07	4.2929e+06	1.9246e+07	4.7235e+06
iteration 4	1.8104e+08	3.7059e+07	6.6443e+06	2.8348e+07	6.5098e+06
iteration 4	3.2194e+08	6.5662e+07	9.9572e+06	4.0915e+07	9.3517e+06
iteration 4	5.7251e+08	1.0472e+08	1.4008e+07	5.5657e+07	1.5488e+07
iteration 4	1.0181e+09	1.5309e+08	1.9096e+07	6.9353e+07	2.9552e+07
iteration 5	1.8104e+09	2.1088e+08	2.4353e+07	7.3274e+07	5.6866e+07
iteration 5	3.2194e+09	2.9503e+08	3.9840e+07	8.1415e+07	1.0805e+08
iteration 5	5.7251e+09	4.4002e+08	5.3042e+07	8.8727e+07	1.0952e+07
iteration 5	1.0181e+10	4.2214e+08	6.3318e+07	9.2705e+07	1.9766e+06
iteration 5	1.8104e+10	8.1283e+07	6.2635e+07	1.0013e+08	2.1178e+04
iteration 5	3.2194e+10	4.1093e+07	5.6459e+07	9.8471e+07	2.7737e+03
iteration 5	5.7251e+10	2.3064e+07	4.9028e+07	9.3605e+07	5.2848e+02
iteration 5	1.0181e+11	1.6678e+07	3.6092e+07	8.0508e+07	5.9984e+01
iteration 4	1.8104e+11	6.0703e+06	2.5317e+07	6.6833e+07	8.5584e-01
iteration 3	3.2194e+11	8.5460e+04	1.5931e+07	4.5258e+07	2.1371e-03
iteration 3	5.7251e+11	4.4565e+03	6.8558e+06	2.0224e+07	2.1935e-05
iteration 3	1.0181e+12	7.4671e+02	3.1186e+06	9.3218e+06	7.5788e-07
iteration 3	1.8104e+12	2.9466e+02	1.8583e+06	5.7021e+06	0.0000e+00
iteration 3	3.2194e+12	1.3620e+02	1.0636e+06	3.3635e+06	0.0000e+00
iteration 3	5.7251e+12	5.2042e+01	4.8613e+05	1.6079e+06	0.0000e+00
iteration 3	1.0181e+13	1.1940e+01	2.3043e+05	7.9954e+05	0.0000e+00
iteration 3	1.8104e+13	2.4289e+00	1.3125e+05	4.6429e+05	0.0000e+00
iteration 4	1.8104e+06	2.9228e+01	5.9267e+04	6.0999e+05	4.4077e+03
iteration 3	3.2194e+06	3.7621e+02	1.2202e+05	1.1951e+06	1.5880e+04
iteration 3	5.7251e+06	4.3058e+03	2.7307e+05	2.1714e+06	5.6808e+04
iteration 3	1.0181e+07	4.0124e+04	5.8157e+05	3.6526e+06	1.8469e+05
iteration 3	1.8104e+07	2.7948e+05	1.0924e+06	5.7847e+06	5.1307e+05
iteration 3	3.2194e+07	1.3923e+06	1.8456e+06	8.7999e+06	1.1801e+06
iteration 4	5.7251e+07	5.0697e+06	2.9591e+06	1.2942e+07	2.2507e+06
iteration 4	1.0181e+08	1.4023e+07	4.5300e+06	1.8674e+07	3.6545e+06
iteration 4	1.8104e+08	3.1700e+07	6.7055e+06	2.6732e+07	5.3146e+06
iteration 4	3.2194e+08	6.1659e+07	9.6635e+06	3.8032e+07	7.4532e+06
iteration 4	5.7251e+08	1.0611e+08	1.3601e+07	5.2781e+07	1.0941e+07
iteration 4	1.0181e+09	1.6486e+08	1.8216e+07	6.8884e+07	1.7893e+07
iteration 4	1.8104e+09	2.3605e+08	2.3549e+07	8.2439e+07	3.1530e+07
iteration 6	3.2194e+09	3.1979e+08	2.9549e+07	8.2232e+07	5.5696e+07
iteration 5	5.7251e+09	4.4178e+08	5.0213e+07	9.5308e+07	1.1047e+08
iteration 5	1.0181e+10	6.4244e+08	6.0475e+07	9.9012e+07	1.2806e+07
iteration 5	1.8104e+10	6.6364e+08	6.8072e+07	1.0585e+08	2.4311e+06
iteration 5	3.2194e+10	1.5209e+08	8.1302e+07	1.2290e+08	2.2974e+04
iteration 5	5.7251e+10	7.5184e+07	7.9780e+07	1.2699e+08	2.9400e+03
iteration 5	1.0181e+11	4.1784e+07	7.3626e+07	1.2707e+08	5.5070e+02
iteration 5	1.8104e+11	2.9761e+07	5.7880e+07	1.1568e+08	5.9842e+01
iteration 4	3.2194e+11	1.0409e+07	4.1183e+07	1.0473e+08	7.9670e-01
iteration 3	5.7251e+11	1.5080e+05	2.5141e+07	7.5802e+07	2.0553e-03
iteration 3	1.0181e+12	7.8736e+03	1.0432e+07	3.4310e+07	2.1047e-05
iteration 3	1.8104e+12	1.3212e+03	4.6301e+06	1.5515e+07	7.2574e-07
iteration 3	3.2194e+12	5.2157e+02	2.7045e+06	9.1023e+06	0.0000e+00
iteration 3	5.7251e+12	2.3831e+02	1.5256e+06	5.1522e+06	0.0000e+00
iteration 3	1.0181e+13	8.8176e+01	6.8996e+05	2.3787e+06	0.0000e+00
iteration 3	1.8104e+13	1.9711e+01	3.3020e+05	1.1561e+06	0.0000e+00
iteration 4	1.8104e+06	4.2101e+00	6.9630e+04	7.1451e+05	1.3873e+03
iteration 3	3.2194e+06	5.1109e+01	1.6050e+05	1.4129e+06	4.5764e+03
iteration 3	5.7251e+06	6.8879e+02	3.8186e+05	2.5236e+06	1.6833e+04
iteration 3	1.0181e+07	8.3931e+03	7.7458e+05	4.0768e+06	6.3373e+04
iteration 3	1.8104e+07	8.0173e+04	1.3470e+06	6.1625e+06	2.1224e+05
iteration 3	3.2194e+07	5.5136e+05	2.1462e+06	9.0409e+06	5.8447e+05
iteration 4	5.7251e+07	2.6689e+06	3.2778e+06	1.2924e+07	1.3110e+06
iteration 4	1.0181e+08	9.2706e+06	4.8087e+06	1.8157e+07	2.4435e+06
iteration 4	1.8104e+08	2.4447e+07	6.8538e+06	2.5346e+07	3.9217e+06
iteration 4	3.2194e+08	5.3373e+07	9.5637e+06	3.5258e+07	5.6970e+06
iteration 4	5.7251e+08	1.0110e+08	1.3089e+07	4.8603e+07	7.9462e+06
iteration 4	1.0181e+09	1.7001e+08	1.7516e+07	6.4926e+07	1.1340e+07
iteration 4	1.8104e+09	2.5892e+08	2.2433e+07	8.2245e+07	1.7279e+07
iteration 5	3.2194e+09	3.6438e+08	2.8708e+07	9.6198e+07	2.7952e+07
iteration 10	5.7251e+09	4.8361e+08	3.9234e+07	9.8923e+07	4.7514e+07
iteration 5	1.0181e+10	6.6452e+08	5.7826e+07	1.0785e+08	1.0604e+08
iteration 5	1.8104e+10	9.7304e+08	7.3981e+07	1.2066e+08	1.5144e+07
iteration 5	3.2194e+10	1.0350e+09	7.2561e+07	1.1450e+08	2.8126e+06
iteration 5	5.7251e+10	2.7714e+08	9.6832e+07	1.4014e+08	2.2427e+04
iteration 5	1.0181e+11	1.3784e+08	9.6936e+07	1.4489e+08	3.0256e+03
iteration 5	1.8104e+11	7.5839e+07	9.7471e+07	1.5292e+08	5.6137e+02
iteration 5	3.2194e+11	5.2990e+07	8.5565e+07	1.5500e+08	5.8622e+01
iteration 5	5.7251e+11	1.7903e+07	6.3733e+07	1.4888e+08	7.3535e-01
iteration 4	1.0181e+12	2.6649e+05	3.8714e+07	1.1718e+08	1.9539e-03
iteration 3	1.8104e+12	1.3817e+04	1.5518e+07	5.5024e+07	1.9667e-05
iteration 3	3.2194e+12	2.3313e+03	6.7586e+06	2.4486e+07	6.7969e-07
iteration 3	5.7251e+12	9.2125e+02	3.9152e+06	1.3866e+07	0.0000e+00
iteration 3	1.0181e+13	4.1426e+02	2.2056e+06	7.6293e+06	0.0000e+00
iteration 3	1.8104e+13	1.4677e+02	1.0013e+06	3.4460e+06	0.0000e+00
iteration 5	1.8104e+06	7.6081e-01	8.2228e+04	8.1171e+05	4.8271e+02
iteration 4	3.2194e+06	7.3165e+00	2.0571e+05	1.6045e+06	1.3616e+03
iteration 3	5.7251e+06	9.3207e+01	4.9951e+05	2.8123e+06	4.5073e+03
iteration 3	1.0181e+07	1.3686e+03	9.6728e+05	4.3784e+06	1.7721e+04
iteration 3	1.8104e+07	1.7425e+04	1.5935e+06	6.4017e+06	7.0076e+04
iteration 3	3.2194e+07	1.6683e+05	2.4429e+06	9.1444e+06	2.3550e+05
iteration 4	5.7251e+07	1.1068e+06	3.6079e+06	1.2826e+07	6.3832e+05
iteration 4	1.0181e+08	5.0734e+06	5.1339e+06	1.7672e+07	1.4018e+06
iteration 4	1.8104e+08	1.6620e+07	7.0828e+06	2.4107e+07	2.5714e+06
iteration 4	3.2194e+08	4.1912e+07	9.6087e+06	3.2792e+07	4.0995e+06
iteration 4	5.7251e+08	8.8540e+07	1.2807e+07	4.4491e+07	5.9012e+06
iteration 4	1.0181e+09	1.6350e+08	1.6893e+07	5.9529e+07	8.0092e+06
iteration 4	1.8104e+09	2.6897e+08	2.1730e+07	7.7370e+07	1.0799e+07
iteration 4	3.2194e+09	4.0168e+08	2.7454e+07	9.6499e+07	1.5204e+07
iteration 5	5.7251e+09	5.5641e+08	3.3930e+07	1.0965e+08	2.3137e+07
iteration 6	1.0181e+10	7.3906e+08	5.0551e+07	1.1438e+08	5.0674e+07
iteration 5	1.8104e+10	9.9270e+08	6.6884e+07	1.2052e+08	1.0491e+08
iteration 5	3.2194e+10	1.4308e+09	8.6711e+07	1.3320e+08	1.6825e+07
iteration 7	5.7251e+10	1.5804e+09	8.8251e+07	1.3215e+08	2.9525e+06
iteration 5	1.0181e+11	4.9142e+08	1.0639e+08	1.5250e+08	2.0231e+04
iteration 5	1.8104e+11	2.5233e+08	1.2276e+08	1.8028e+08	3.0038e+03
iteration 5	3.2194e+11	1.3793e+08	1.2391e+08	1.9100e+08	5.5969e+02
iteration 5	5.7251e+11	9.4410e+07	1.1752e+08	1.9743e+08	5.6721e+01
iteration 5	1.0181e+12	3.0661e+07	9.4293e+07	1.9839e+08	6.7040e-01
iteration 4	1.8104e+12	4.6659e+05	5.8356e+07	1.6892e+08	1.8210e-03
iteration 3	3.2194e+12	2.3941e+04	2.2839e+07	8.2563e+07	1.7877e-05
iteration 3	5.7251e+12	4.0984e+03	9.8545e+06	3.6568e+07	6.2454e-07
iteration 3	1.0181e+13	1.6212e+03	5.7342e+06	2.0342e+07	0.0000e+00
iteration 3	1.8104e+13	7.1437e+02	3.2630e+06	1.1064e+07	0.0000e+00
iteration 4	1.8104e+06	1.7384e-01	9.5981e+04	8.9403e+05	1.8505e+02
iteration 4	3.2194e+06	1.3219e+00	2.5087e+05	1.7560e+06	4.4868e+02
iteration 3	5.7251e+06	1.3292e+01	6.0563e+05	3.0097e+06	1.2346e+03
iteration 3	1.0181e+07	1.8875e+02	1.1376e+06	4.5607e+06	4.3644e+03
iteration 3	1.8104e+07	3.0524e+03	1.8179e+06	6.5072e+06	1.8558e+04
iteration 3	3.2194e+07	3.8430e+04	2.7174e+06	9.1357e+06	7.5143e+04
iteration 3	5.7251e+07	3.5150e+05	3.9372e+06	1.2640e+07	2.5296e+05
iteration 4	1.0181e+08	2.2016e+06	5.4858e+06	1.7191e+07	6.8068e+05
iteration 4	1.8104e+08	9.4690e+06	7.4150e+06	2.3061e+07	1.4679e+06
iteration 4	3.2194e+08	2.9268e+07	9.7964e+06	3.0730e+07	2.6699e+06
iteration 4	5.7251e+08	7.0554e+07	1.2838e+07	4.0900e+07	4.2454e+06
iteration 4	1.0181e+09	1.4388e+08	1.6576e+07	5.4174e+07	6.0480e+06
iteration 4	1.8104e+09	2.5828e+08	2.1195e+07	7.1170e+07	7.9367e+06
iteration 4	3.2194e+09	4.1489e+08	2.6585e+07	9.0155e+07	1.0106e+07
iteration 4	5.7251e+09	6.0752e+08	3.3118e+07	1.0972e+08	1.3390e+07
iteration 5	1.0181e+10	8.3044e+08	4.0632e+07	1.2421e+08	1.9753e+07
iteration 5	1.8104e+10	1.0914e+09	5.9636e+07	1.2702e+08	4.5707e+07
iteration 5	3.2194e+10	1.4474e+09	7.0294e+07	1.2294e+08	1.0666e+08
iteration 5	5.7251e+10	2.0736e+09	9.8197e+07	1.5429e+08	1.7721e+07
iteration 5	1.0181e+11	2.2270e+09	1.1207e+08	1.5932e+08	2.4270e+06
iteration 5	1.8104e+11	8.5473e+08	1.3614e+08	1.9854e+08	1.7632e+04
iteration 5	3.2194e+11	4.5947e+08	1.4782e+08	2.3032e+08	2.8812e+03
iteration 5	5.7251e+11	2.5142e+08	1.5202e+08	2.3765e+08	5.4467e+02
iteration 5	1.0181e+12	1.6855e+08	1.5424e+08	2.4159e+08	5.4112e+01
iteration 5	1.8104e+12	5.2467e+07	1.3545e+08	2.5052e+08	6.0833e-01
iteration 4	3.2194e+12	8.0667e+05	8.7029e+07	2.2834e+08	1.6644e-03
iteration 3	5.7251e+12	4.0544e+04	3.3543e+07	1.1646e+08	1.5651e-05
iteration 3	1.0181e+13	7.1667e+03	1.4540e+07	5.2277e+07	5.6228e-07
iteration 3	1.8104e+13	2.8403e+03	8.5934e+06	2.9175e+07	0.0000e+00
iteration 5	1.8104e+06	3.4866e-02	1.0931e+05	9.5974e+05	7.5663e+01
iteration 4	3.2194e+06	3.0045e-01	2.9198e+05	1.8675e+06	1.6422e+02
iteration 3	5.7251e+06	2.3606e+00	6.9393e+05	3.1382e+06	3.7409e+02
iteration 3	1.0181e+07	2.6892e+01	1.2864e+06	4.6673e+06	1.0858e+03
iteration 3	1.8104e+07	4.4917e+02	2.0248e+06	6.5469e+06	4.2225e+03
iteration 3	3.2194e+07	7.0992e+03	2.9705e+06	9.0397e+06	1.8940e+04
iteration 3	5.7251e+07	8.3437e+04	4.2345e+06	1.2375e+07	7.8953e+04
iteration 4	1.0181e+08	7.2389e+05	5.8487e+06	1.6693e+07	2.6867e+05
iteration 4	1.8104e+08	4.2655e+06	7.8372e+06	2.2176e+07	7.1422e+05
iteration 4	3.2194e+08	1.7295e+07	1.0222e+07	2.9133e+07	1.5204e+06
iteration 4	5.7251e+08	5.0357e+07	1.3173e+07	3.8042e+07	2.7676e+06
iteration 4	1.0181e+09	1.1581e+08	1.6739e+07	4.9545e+07	4.4265e+06
iteration 4	1.8104e+09	2.2679e+08	2.1102e+07	6.4378e+07	6.2683e+06
iteration 4	3.2194e+09	3.9428e+08	2.6443e+07	8.2879e+07	8.0245e+06
iteration 4	5.7251e+09	6.1734e+08	3.2822e+07	1.0355e+08	9.7917e+06
iteration 4	1.0181e+10	8.8817e+08	4.0678e+07	1.2511e+08	1.2433e+07
iteration 5	1.8104e+10	1.1996e+09	4.9564e+07	1.4080e+08	1.8007e+07
iteration 5	3.2194e+10	1.5478e+09	7.1670e+07	1.4923e+08	4.0997e+07
iteration 5	5.7251e+10	2.0332e+09	7.8855e+07	1.3367e+08	1.0522e+08
iteration 5	1.0181e+11	2.8682e+09	1.0959e+08	1.5966e+08	1.7157e+07
iteration 6	1.8104e+11	2.8273e+09	1.3460e+08	1.8881e+08	1.1950e+06
iteration 5	3.2194e+11	1.4515e+09	1.4232e+08	1.9199e+08	1.5090e+04
iteration 5	5.7251e+11	8.2636e+08	1.7349e+08	2.5174e+08	2.6755e+03
iteration 5	1.0181e+12	4.5735e+08	1.8763e+08	2.7527e+08	5.1783e+02
iteration 5	1.8104e+12	3.0278e+08	2.0060e+08	2.8947e+08	5.0967e+01
iteration 5	3.2194e+12	8.9061e+07	1.9315e+08	3.0532e+08	5.4455e-01
iteration 4	5.7251e+12	1.3571e+06	1.2972e+08	2.9702e+08	1.4678e-03
iteration 3	1.0181e+13	6.6123e+04	4.9244e+07	1.5686e+08	1.2944e-05
iteration 3	1.8104e+13	1.2455e+04	2.1797e+07	7.2709e+07	4.9466e-07
iteration 4	1.8104e+06	7.0812e-03	1.2110e+05	1.0072e+06	3.2044e+01
iteration 4	3.2194e+06	5.8950e-02	3.2494e+05	1.9422e+06	6.4884e+01
iteration 4	5.7251e+06	5.2712e-01	7.6017e+05	3.2262e+06	1.2848e+02
iteration 3	1.0181e+07	4.6210e+00	1.4129e+06	4.7549e+06	3.0372e+02
iteration 3	1.8104e+07	6.3024e+01	2.2227e+06	6.5874e+06	9.6679e+02
iteration 3	3.2194e+07	1.0975e+03	3.2225e+06	8.9440e+06	4.0789e+03
iteration 3	5.7251e+07	1.5416e+04	4.5328e+06	1.2085e+07	1.9302e+04
iteration 4	1.0181e+08	1.7193e+05	6.2366e+06	1.6187e+07	8.2852e+04
iteration 4	1.8104e+08	1.4311e+06	8.3514e+06	2.1440e+07	2.8240e+05
iteration 4	3.2194e+08	8.0370e+06	1.0872e+07	2.7950e+07	7.4172e+05
iteration 4	5.7251e+08	3.0914e+07	1.3859e+07	3.6056e+07	1.5764e+06
iteration 4	1.0181e+09	8.4459e+07	1.7497e+07	4.6224e+07	2.9078e+06
iteration 4	1.8104e+09	1.8423e+08	2.1736e+07	5.9127e+07	4.7087e+06
iteration 4	3.2194e+09	3.4472e+08	2.6923e+07	7.5389e+07	6.6509e+06
iteration 4	5.7251e+09	5.7740e+08	3.3343e+07	9.5466e+07	8.3482e+06
iteration 4	1.0181e+10	8.8234e+08	4.1911e+07	1.1995e+08	9.8957e+06
iteration 4	1.8104e+10	1.2501e+09	5.1175e+07	1.4386e+08	1.2236e+07
iteration 6	3.2194e+10	1.6630e+09	6.2127e+07	1.6052e+08	1.7611e+07
iteration 5	5.7251e+10	2.1262e+09	8.8731e+07	1.6221e+08	3.9877e+07
iteration 5	1.0181e+11	2.7850e+09	8.8198e+07	1.4397e+08	1.0629e+08
iteration 5	1.8104e+11	3.8608e+09	1.2258e+08	1.6966e+08	1.5551e+07
iteration 5	3.2194e+11	3.6117e+09	1.2412e+08	1.6959e+08	2.6350e+05
iteration 5	5.7251e+11	2.4099e+09	1.5900e+08	2.0512e+08	1.2885e+04
iteration 5	1.0181e+12	1.4650e+09	2.0241e+08	2.7546e+08	2.4369e+03
iteration 5	1.8104e+12	8.2501e+08	2.2418e+08	2.9216e+08	4.7335e+02
iteration 5	3.2194e+12	5.3936e+08	2.6403e+08	3.3167e+08	4.6584e+01
iteration 4	5.7251e+12	1.4797e+08	2.7828e+08	3.6678e+08	4.7276e-01
iteration 4	1.0181e+13	2.1935e+06	1.9449e+08	3.8298e+08	1.2299e-03
iteration 3	1.8104e+13	1.0243e+05	7.1922e+07	2.0553e+08	9.9192e-06
iteration 4	1.8104e+06	1.4738e-03	1.2955e+05	1.0365e+06	1.3766e+01
iteration 4	3.2194e+06	1.1660e-02	3.4670e+05	1.9824e+06	2.6953e+01
iteration 4	5.7251e+06	1.0079e-01	8.0497e+05	3.2820e+06	4.9081e+01
iteration 4	1.0181e+07	9.7821e-01	1.5085e+06	4.8384e+06	9.9100e+01
iteration 3	1.8104e+07	9.9141e+00	2.4121e+06	6.6783e+06	2.5496e+02
iteration 3	3.2194e+07	1.5070e+02	3.5021e+06	8.9566e+06	8.8970e+02
iteration 3	5.7251e+07	2.4169e+03	4.8821e+06	1.1905e+07	4.0422e+03
iteration 3	1.0181e+08	3.1184e+04	6.6935e+06	1.5786e+07	1.9964e+04
iteration 4	1.8104e+08	3.3750e+05	8.9733e+06	2.0831e+07	8.6861e+04
iteration 4	3.2194e+08	2.7388e+06	1.1765e+07	2.7137e+07	2.9515e+05
iteration 4	5.7251e+08	1.4831e+07	1.5030e+07	3.4816e+07	7.7179e+05
iteration 4	1.0181e+09	5.3977e+07	1.8937e+07	4.4177e+07	1.6584e+06
iteration 4	1.8104e+09	1.3752e+08	2.3417e+07	5.5854e+07	3.1212e+06
iteration 4	3.2194e+09	2.8268e+08	2.8897e+07	7.0605e+07	5.1084e+06
iteration 4	5.7251e+09	5.0323e+08	3.5457e+07	8.9307e+07	7.1902e+06
iteration 4	1.0181e+10	8.1195e+08	4.3999e+07	1.1218e+08	8.9078e+06
iteration 4	1.8104e+10	1.2145e+09	5.4284e+07	1.3965e+08	1.0428e+07
iteration 4	3.2194e+10	1.6914e+09	6.7529e+07	1.6925e+08	1.2766e+07
iteration 10	5.7251e+10	2.2341e+09	8.2985e+07	1.8751e+08	1.7682e+07
iteration 5	1.0181e+11	2.8352e+09	1.1337e+08	1.8588e+08	4.3189e+07
iteration 5	1.8104e+11	3.7549e+09	1.2292e+08	1.7484e+08	1.0760e+08
iteration 5	3.2194e+11	5.1357e+09	1.3075e+08	1.7539e+08	1.3490e+07
iteration 5	5.7251e+11	4.8826e+09	1.6218e+08	1.9932e+08	1.0460e+05
iteration 5	1.0181e+12	3.8877e+09	1.9808e+08	2.3521e+08	1.0980e+04
iteration 5	1.8104e+12	2.5515e+09	2.4833e+08	3.0120e+08	2.1972e+03
iteration 5	3.2194e+12	1.4743e+09	2.8827e+08	3.2583e+08	4.2244e+02
iteration 5	5.7251e+12	9.5414e+08	3.5932e+08	3.7633e+08	4.0898e+01
iteration 4	1.0181e+13	2.3856e+08	4.1015e+08	4.4984e+08	3.9437e-01
iteration 4	1.8104e+13	3.2674e+06	2.9017e+08	5.0037e+08	9.3143e-04
iteration 4	1.8104e+06	0.0000e+00	1.3394e+05	1.0487e+06	5.8880e+00
iteration 4	3.2194e+06	2.2704e-03	3.5818e+05	1.9976e+06	1.1504e+01
iteration 4	5.7251e+06	1.8804e-02	8.2817e+05	3.3078e+06	2.0240e+01
iteration 4	1.0181e+07	1.8018e-01	1.5815e+06	4.9149e+06	3.7182e+01
iteration 4	1.8104e+07	1.9207e+00	2.5860e+06	6.8232e+06	8.1174e+01
iteration 3	3.2194e+07	2.1886e+01	3.8220e+06	9.1266e+06	2.2833e+02
iteration 3	5.7251e+07	3.3175e+02	5.3365e+06	1.1992e+07	8.6684e+02
iteration 3	1.0181e+08	4.8457e+03	7.2868e+06	1.5669e+07	4.1366e+03
iteration 4	1.8104e+08	5.9723e+04	9.8197e+06	2.0441e+07	2.0819e+04
iteration 4	3.2194e+08	6.3929e+05	1.2958e+07	2.6651e+07	9.0894e+04
iteration 4	5.7251e+08	5.0992e+06	1.6747e+07	3.4252e+07	3.0783e+05
iteration 4	1.0181e+09	2.6777e+07	2.1167e+07	4.3354e+07	8.1019e+05
iteration 4	1.8104e+09	9.1490e+07	2.6320e+07	5.4265e+07	1.7761e+06
iteration 4	3.2194e+09	2.1628e+08	3.2282e+07	6.7704e+07	3.4028e+06
iteration 4	5.7251e+09	4.1752e+08	3.9672e+07	8.4899e+07	5.6028e+06
iteration 4	1.0181e+10	7.0607e+08	4.8734e+07	1.0695e+08	7.8677e+06
iteration 4	1.8104e+10	1.0998e+09	6.1433e+07	1.3595e+08	9.7586e+06
iteration 4	3.2194e+10	1.6119e+09	7.5354e+07	1.6867e+08	1.1472e+07
iteration 4	5.7251e+10	2.2221e+09	9.4682e+07	2.0578e+08	1.4200e+07
iteration 7	1.0181e+11	2.9278e+09	1.1161e+08	2.1818e+08	2.0871e+07
iteration 5	1.8104e+11	3.7657e+09	1.5300e+08	2.2499e+08	5.2474e+07
iteration 5	3.2194e+11	5.0579e+09	1.4345e+08	1.9234e+08	1.1443e+08
iteration 5	5.7251e+11	6.8205e+09	1.6676e+08	2.0226e+08	1.1207e+07
iteration 5	1.0181e+12	6.7360e+09	2.2496e+08	2.6126e+08	6.9930e+04
iteration 5	1.8104e+12	6.1408e+09	2.8385e+08	3.5856e+08	9.8665e+03
iteration 5	3.2194e+12	4.3554e+09	3.2745e+08	3.4167e+08	1.9721e+03
iteration 5	5.7251e+12	2.5992e+09	3.9510e+08	3.7639e+08	3.6710e+02
iteration 5	1.0181e+13	1.6760e+09	5.1786e+08	4.5823e+08	3.4877e+01
iteration 4	1.8104e+13	3.6878e+08	6.2304e+08	5.8253e+08	3.1232e-01
iteration 4	1.8104e+06	0.0000e+00	1.3387e+05	1.0435e+06	2.4840e+00
iteration 4	3.2194e+06	0.0000e+00	3.5681e+05	1.9843e+06	4.9554e+00
iteration 4	5.7251e+06	3.3794e-03	8.3460e+05	3.3104e+06	8.7240e+00
iteration 4	1.0181e+07	3.1611e-02	1.6235e+06	4.9714e+06	1.5398e+01
iteration 4	1.8104e+07	3.3668e-01	2.7525e+06	6.9940e+06	3.0367e+01
iteration 3	3.2194e+07	3.8848e+00	4.1926e+06	9.4345e+06	7.2261e+01
iteration 3	5.7251e+07	4.7138e+01	5.9323e+06	1.2392e+07	2.2218e+02
iteration 3	1.0181e+08	6.7192e+02	8.1080e+06	1.6026e+07	8.9657e+02
iteration 3	1.8104e+08	9.1020e+03	1.0959e+07	2.0670e+07	4.3378e+03
iteration 4	3.2194e+08	1.0912e+05	1.4584e+07	2.6724e+07	2.1704e+04
iteration 4	5.7251e+08	1.1652e+06	1.9107e+07	3.4354e+07	9.4508e+04
iteration 4	1.0181e+09	9.1951e+06	2.4484e+07	4.3677e+07	3.2026e+05
iteration 4	1.8104e+09	4.6684e+07	3.0759e+07	5.4670e+07	8.5614e+05
iteration 4	3.2194e+09	1.4850e+08	3.7994e+07	6.7902e+07	1.9203e+06
iteration 4	5.7251e+09	3.2635e+08	4.6670e+07	8.4115e+07	3.7326e+06
iteration 4	1.0181e+10	5.9249e+08	5.7373e+07	1.0482e+08	6.1827e+06
iteration 4	1.8104e+10	9.5333e+08	7.0784e+07	1.3293e+08	8.7631e+06
iteration 4	3.2194e+10	1.4400e+09	8.9477e+07	1.6872e+08	1.1061e+07
iteration 4	5.7251e+10	2.0868e+09	1.1188e+08	2.1251e+08	1.3285e+07
iteration 4	1.0181e+11	2.8701e+09	1.4183e+08	2.6050e+08	1.7140e+07
iteration 6	1.8104e+11	3.8086e+09	1.6474e+08	2.6780e+08	2.8003e+07
iteration 5	3.2194e+11	5.0351e+09	2.0158e+08	2.5926e+08	7.1098e+07
iteration 5	5.7251e+11	6.9276e+09	2.0110e+08	2.3267e+08	1.2692e+08
iteration 5	1.0181e+12	9.1603e+09	2.2236e+08	2.3867e+08	9.0191e+06
iteration 5	1.8104e+12	9.5060e+09	2.9437e+08	2.7962e+08	5.2658e+04
iteration 5	3.2194e+12	9.5988e+09	3.7978e+08	3.6729e+08	8.7784e+03
iteration 5	5.7251e+12	7.2590e+09	4.6078e+08	4.1874e+08	1.7644e+03
iteration 5	1.0181e+13	4.5115e+09	5.7332e+08	4.5841e+08	3.1403e+02
iteration 5	1.8104e+13	2.9221e+09	7.8211e+08	5.9336e+08	2.8915e+01
iteration 4	1.8104e+06	0.0000e+00	1.2949e+05	1.0196e+06	1.0239e+00
iteration 4	3.2194e+06	0.0000e+00	3.4463e+05	1.9452e+06	2.1217e+00
iteration 4	5.7251e+06	0.0000e+00	8.1565e+05	3.2813e+06	3.8434e+00
iteration 4	1.0181e+07	5.3601e-03	1.6412e+06	4.9961e+06	6.7403e+00
iteration 4	1.8104e+07	5.6843e-02	2.8823e+06	7.1421e+06	1.2672e+01
iteration 4	3.2194e+07	6.5756e-01	4.5646e+06	9.8008e+06	2.7219e+01
iteration 3	5.7251e+07	7.9736e+00	6.6930e+06	1.3032e+07	7.0739e+01
iteration 3	1.0181e+08	9.7048e+01	9.2426e+06	1.6916e+07	2.3471e+02
iteration 3	1.8104e+08	1.2779e+03	1.2431e+07	2.1653e+07	9.7154e+02
iteration 3	3.2194e+08	1.6164e+04	1.6673e+07	2.7659e+07	4.5974e+03
iteration 4	5.7251e+08	1.8901e+05	2.2114e+07	3.5431e+07	2.2452e+04
iteration 4	1.0181e+09	2.0083e+06	2.8894e+07	4.5155e+07	9.7010e+04
iteration 4	1.8104e+09	1.5773e+07	3.7003e+07	5.6953e+07	3.3153e+05
iteration 4	3.2194e+09	7.6841e+07	4.6368e+07	7.0855e+07	9.0592e+05
iteration 4	5.7251e+09	2.2827e+08	5.7314e+07	8.7514e+07	2.0821e+06
iteration 4	1.0181e+10	4.7052e+08	7.0755e+07	1.0828e+08	4.1032e+06
iteration 4	1.8104e+10	8.0752e+08	8.7755e+07	1.3538e+08	6.8932e+06
iteration 4	3.2194e+10	1.2428e+09	1.0986e+08	1.7173e+08	1.0025e+07
iteration 4	5.7251e+10	1.8485e+09	1.4271e+08	2.2428e+08	1.3093e+07
iteration 4	1.0181e+11	2.6737e+09	1.7687e+08	2.8178e+08	1.6466e+07
iteration 4	1.8104e+11	3.7025e+09	2.2318e+08	3.4273e+08	2.3163e+07
iteration 6	3.2194e+11	5.0036e+09	2.6591e+08	3.4897e+08	4.2905e+07
iteration 5	5.7251e+11	6.8152e+09	3.0261e+08	3.2673e+08	1.0695e+08
iteration 5	1.0181e+12	9.6299e+09	2.9899e+08	2.9393e+08	1.4849e+08
iteration 6	1.8104e+12	1.2446e+10	3.5953e+08	3.1455e+08	7.5730e+06
iteration 5	3.2194e+12	1.3705e+10	4.5913e+08	4.0669e+08	4.6601e+04
iteration 5	5.7251e+12	1.4649e+10	5.5928e+08	4.6816e+08	8.0373e+03
iteration 5	1.0181e+13	1.1817e+10	6.7325e+08	5.0213e+08	1.5813e+03
iteration 5	1.8104e+13	7.6914e+09	8.7910e+08	6.0977e+08	2.6439e+02
iteration 4	1.8104e+06	0.0000e+00	1.2277e+05	9.8059e+05	4.0967e-01
iteration 4	3.2194e+06	0.0000e+00	3.2426e+05	1.8838e+06	8.9485e-01
iteration 4	5.7251e+06	0.0000e+00	7.7831e+05	3.2224e+06	1.6973e+00
iteration 4	1.0181e+07	0.0000e+00	1.6188e+06	4.9893e+06	3.0377e+00
iteration 4	1.8104e+07	9.3280e-03	2.9581e+06	7.2473e+06	5.6373e+00
iteration 4	3.2194e+07	1.0994e-01	4.8986e+06	1.0128e+07	1.1486e+01
iteration 4	5.7251e+07	1.3329e+00	7.4688e+06	1.3748e+07	2.6863e+01
iteration 3	1.0181e+08	1.6569e+01	1.0664e+07	1.8160e+07	7.5920e+01
iteration 3	1.8104e+08	1.9334e+02	1.4468e+07	2.3436e+07	2.6606e+02
iteration 3	3.2194e+08	2.3740e+03	1.9192e+07	2.9809e+07	1.1021e+03
iteration 3	5.7251e+08	2.8510e+04	2.5542e+07	3.7876e+07	5.0622e+03
iteration 3	1.0181e+09	3.2165e+05	3.4180e+07	4.8313e+07	2.3884e+04
iteration 3	1.8104e+09	3.3508e+06	4.4717e+07	6.1534e+07	1.0150e+05
iteration 3	3.2194e+09	2.5862e+07	5.7640e+07	7.7219e+07	3.4918e+05
iteration 3	5.7251e+09	1.1960e+08	7.2855e+07	9.6405e+07	9.7182e+05
iteration 3	1.0181e+10	3.3434e+08	9.1355e+07	1.1982e+08	2.2751e+06
iteration 3	1.8104e+10	6.5620e+08	1.1477e+08	1.4958e+08	4.5490e+06
iteration 3	3.2194e+10	1.0763e+09	1.4335e+08	1.8738e+08	7.8300e+06
iteration 3	5.7251e+10	1.6145e+09	1.7774e+08	2.3479e+08	1.1818e+07
iteration 3	1.0181e+11	2.3831e+09	2.2651e+08	3.0362e+08	1.6297e+07
iteration 4	1.8104e+11	3.4627e+09	2.9447e+08	3.9554e+08	2.2432e+07
iteration 4	3.2194e+11	4.8610e+09	3.7060e+08	4.7363e+08	3.5768e+07
iteration 6	5.7251e+11	6.7273e+09	4.2825e+08	4.6579e+08	7.3243e+07
iteration 5	1.0181e+12	9.4438e+09	4.6023e+08	4.2367e+08	1.7258e+08
iteration 5	1.8104e+12	1.3637e+10	4.8315e+08	3.9605e+08	1.9572e+08
iteration 5	3.2194e+12	1.7348e+10	5.1811e+08	4.0104e+08	8.2908e+06
iteration 5	5.7251e+12	1.9635e+10	6.8687e+08	4.7327e+08	4.3893e+04
iteration 5	1.0181e+13	2.2012e+10	8.5982e+08	6.0421e+08	7.3652e+03
iteration 5	1.8104e+13	1.8777e+10	1.0304e+09	6.5497e+08	1.4053e+03
iteration 4	1.8104e+06	0.0000e+00	1.1481e+05	9.2834e+05	1.5801e-01
iteration 4	3.2194e+06	0.0000e+00	2.9859e+05	1.8006e+06	3.6782e-01
iteration 4	5.7251e+06	0.0000e+00	7.2720e+05	3.1309e+06	7.3866e-01
iteration 4	1.0181e+07	0.0000e+00	1.5615e+06	4.9457e+06	1.3759e+00
iteration 4	1.8104e+07	0.0000e+00	2.9662e+06	7.3180e+06	2.5821e+00
iteration 4	3.2194e+07	1.6582e-02	5.1188e+06	1.0406e+07	5.1664e+00
iteration 4	5.7251e+07	2.3085e-01	8.1559e+06	1.4408e+07	1.1400e+01
iteration 4	1.0181e+08	2.8424e+00	1.2087e+07	1.9475e+07	2.9001e+01
iteration 4	1.8104e+08	3.4867e+01	1.6875e+07	2.5714e+07	8.8625e+01
iteration 3	3.2194e+08	3.9786e+02	2.2602e+07	3.3173e+07	3.2549e+02
iteration 3	5.7251e+08	4.7689e+03	2.9749e+07	4.2178e+07	1.3698e+03
iteration 3	1.0181e+09	5.5488e+04	3.9395e+07	5.3547e+07	6.2117e+03
iteration 3	1.8104e+09	5.9279e+05	5.2939e+07	6.8222e+07	2.8093e+04
iteration 3	3.2194e+09	5.8184e+06	6.9981e+07	8.6697e+07	1.1484e+05
iteration 3	5.7251e+09	4.2275e+07	9.1038e+07	1.0889e+08	3.8890e+05
iteration 3	1.0181e+10	1.8248e+08	1.1606e+08	1.3596e+08	1.0828e+06
iteration 3	1.8104e+10	4.8517e+08	1.4733e+08	1.7047e+08	2.5463e+06
iteration 3	3.2194e+10	9.2388e+08	1.8547e+08	2.1128e+08	5.1508e+06
iteration 3	5.7251e+10	1.4806e+09	2.3717e+08	2.6948e+08	9.1184e+06
iteration 3	1.0181e+11	2.1865e+09	2.9588e+08	3.3946e+08	1.4514e+07
iteration 3	1.8104e+11	3.1931e+09	3.8506e+08	4.4721e+08	2.1828e+07
iteration 4	3.2194e+11	4.6593e+09	5.0708e+08	5.8689e+08	3.3984e+07
iteration 4	5.7251e+11	6.6394e+09	6.4797e+08	6.8806e+08	6.1831e+07
iteration 5	1.0181e+12	9.3743e+09	6.8149e+08	6.3403e+08	1.3582e+08
iteration 5	1.8104e+12	1.3464e+10	7.7730e+08	6.0028e+08	2.8828e+08
iteration 5	3.2194e+12	1.9531e+10	7.7340e+08	5.5208e+08	2.8865e+08
iteration 5	5.7251e+12	2.4835e+10	8.5590e+08	5.6879e+08	1.2158e+07
iteration 5	1.0181e+13	2.8378e+10	1.1053e+09	7.4564e+08	4.4244e+04
iteration 5	1.8104e+13	3.2665e+10	1.3292e+09	8.0372e+08	6.7786e+03
iteration 4	1.8104e+06	0.0000e+00	1.0694e+05	8.6624e+05	5.8418e-02
iteration 4	3.2194e+06	0.0000e+00	2.7106e+05	1.7004e+06	1.4628e-01
iteration 4	5.7251e+06	0.0000e+00	6.6746e+05	3.0153e+06	3.1479e-01
iteration 4	1.0181e+07	0.0000e+00	1.4759e+06	4.8662e+06	6.1647e-01
iteration 4	1.8104e+07	0.0000e+00	2.9063e+06	7.3487e+06	1.1901e+00
iteration 4	3.2194e+07	0.0000e+00	5.2075e+06	1.0642e+07	2.3907e+00
iteration 4	5.7251e+07	3.5320e-02	8.6274e+06	1.5006e+07	5.1475e+00
iteration 4	1.0181e+08	5.2096e-01	1.3301e+07	2.0693e+07	1.2289e+01
iteration 3	1.8104e+08	6.3450e+00	1.9213e+07	2.7939e+07	3.3978e+01
iteration 3	3.2194e+08	7.7956e+01	2.6360e+07	3.7011e+07	1.1225e+02
iteration 3	5.7251e+08	9.0793e+02	3.4975e+07	4.7960e+07	4.3601e+02
iteration 3	1.0181e+09	1.0885e+04	4.5838e+07	6.1196e+07	1.8865e+03
iteration 3	1.8104e+09	1.2268e+05	6.0585e+07	7.7851e+07	8.4873e+03
iteration 3	3.2194e+09	1.2235e+06	8.1488e+07	9.9211e+07	3.6791e+04
iteration 3	5.7251e+09	1.0846e+07	1.0960e+08	1.2612e+08	1.4292e+05
iteration 3	1.0181e+10	7.0816e+07	1.4404e+08	1.5928e+08	4.6913e+05
iteration 3	1.8104e+10	2.8367e+08	1.8584e+08	1.9919e+08	1.2856e+06
iteration 3	3.2194e+10	7.2850e+08	2.3785e+08	2.4908e+08	2.9999e+06
iteration 3	5.7251e+10	1.3751e+09	3.1054e+08	3.2707e+08	6.1088e+06
iteration 3	1.0181e+11	2.1924e+09	3.8966e+08	3.9880e+08	1.1157e+07
iteration 3	1.8104e+11	3.2078e+09	5.0388e+08	5.2068e+08	1.9011e+07
iteration 3	3.2194e+11	4.6083e+09	6.7159e+08	6.9872e+08	3.1847e+07
iteration 4	5.7251e+11	6.6722e+09	8.9243e+08	9.1246e+08	5.6463e+07
iteration 4	1.0181e+12	9.5488e+09	1.0698e+09	9.9138e+08	1.1384e+08
iteration 5	1.8104e+12	1.3567e+10	1.2393e+09	9.6280e+08	2.4853e+08
iteration 5	3.2194e+12	1.9504e+10	1.2526e+09	8.6659e+08	4.7950e+08
iteration 5	5.7251e+12	2.8578e+10	1.3039e+09	8.2518e+08	4.2738e+08
iteration 5	1.0181e+13	3.5717e+10	1.4205e+09	8.4739e+08	1.8732e+07
iteration 5	1.8104e+13	4.1101e+10	1.7243e+09	9.5702e+08	4.4689e+04
iteration 3	1.8104e+06	0.0000e+00	1.0073e+05	8.0127e+05	2.0556e-02
iteration 3	3.2194e+06	0.0000e+00	2.4647e+05	1.5880e+06	5.5774e-02
iteration 3	5.7251e+06	0.0000e+00	6.0495e+05	2.8726e+06	1.2974e-01
iteration 4	1.0181e+07	0.0000e+00	1.3674e+06	4.7469e+06	2.7045e-01
iteration 4	1.8104e+07	0.0000e+00	2.7850e+06	7.3283e+06	5.4346e-01
iteration 4	3.2194e+07	0.0000e+00	5.1715e+06	1.0824e+07	1.1143e+00
iteration 4	5.7251e+07	0.0000e+00	8.8556e+06	1.5519e+07	2.3927e+00
iteration 4	1.0181e+08	0.0000e+00	1.4114e+07	2.1767e+07	5.5244e+00
iteration 3	1.8104e+08	1.2481e+00	2.1074e+07	2.9927e+07	1.4233e+01
iteration 3	3.2194e+08	1.5041e+01	2.9720e+07	4.0395e+07	4.2666e+01
iteration 3	5.7251e+08	1.8787e+02	4.0205e+07	5.3820e+07	1.5135e+02
iteration 3	1.0181e+09	2.2506e+03	5.2997e+07	7.0188e+07	6.1776e+02
iteration 3	1.8104e+09	2.7012e+04	6.9385e+07	9.0005e+07	2.7353e+03
iteration 3	3.2194e+09	2.9411e+05	9.1785e+07	1.1493e+08	1.2223e+04
iteration 3	5.7251e+09	2.7276e+06	1.2361e+08	1.4681e+08	5.1326e+04
iteration 3	1.0181e+10	2.1258e+07	1.6890e+08	1.8770e+08	1.9147e+05
iteration 3	1.8104e+10	1.2023e+08	2.2594e+08	2.3869e+08	6.1100e+05
iteration 3	3.2194e+10	4.4846e+08	2.9607e+08	3.0018e+08	1.6451e+06
iteration 3	5.7251e+10	1.1285e+09	3.8473e+08	3.7802e+08	3.8056e+06
iteration 3	1.0181e+11	2.1429e+09	5.0416e+08	4.8432e+08	7.8245e+06
iteration 3	1.8104e+11	3.4344e+09	6.5236e+08	6.2623e+08	1.4903e+07
iteration 3	3.2194e+11	4.9935e+09	8.7569e+08	8.4373e+08	2.7423e+07
iteration 3	5.7251e+11	7.0504e+09	1.1863e+09	1.1331e+09	5.0892e+07
iteration 4	1.0181e+12	9.9820e+09	1.5719e+09	1.4501e+09	9.9736e+07
iteration 4	1.8104e+12	1.4009e+10	1.8260e+09	1.4840e+09	2.1272e+08
iteration 5	3.2194e+12	1.9577e+10	2.0371e+09	1.4252e+09	4.4352e+08
iteration 5	5.7251e+12	2.7923e+10	2.1264e+09	1.3371e+09	7.4556e+08
iteration 5	1.0181e+13	4.0476e+10	2.2307e+09	1.2980e+09	5.5579e+08
iteration 5	1.8104e+13	5.0185e+10	2.4196e+09	1.3393e+09	2.2641e+07
iteration 3	1.8104e+06	0.0000e+00	9.5899e+04	7.3509e+05	6.8618e-03
iteration 3	3.2194e+06	0.0000e+00	2.2483e+05	1.4689e+06	2.0298e-02
iteration 3	5.7251e+06	0.0000e+00	5.4090e+05	2.7069e+06	5.1509e-02
iteration 4	1.0181e+07	0.0000e+00	1.2468e+06	4.5884e+06	1.1524e-01
iteration 4	1.8104e+07	0.0000e+00	2.6165e+06	7.2503e+06	2.4375e-01
iteration 4	3.2194e+07	0.0000e+00	5.0216e+06	1.0920e+07	5.1526e-01
iteration 4	5.7251e+07	0.0000e+00	8.8737e+06	1.5921e+07	1.1214e+00
iteration 4	1.0181e+08	0.0000e+00	1.4538e+07	2.2639e+07	2.5598e+00
iteration 4	1.8104e+08	0.0000e+00	2.2256e+07	3.1541e+07	6.3032e+00
iteration 4	3.2194e+08	3.1261e+00	3.2151e+07	4.3251e+07	1.7430e+01
iteration 4	5.7251e+08	3.7568e+01	4.4401e+07	5.8524e+07	5.6100e+01
iteration 3	1.0181e+09	4.7519e+02	5.9457e+07	7.8344e+07	2.1062e+02
iteration 3	1.8104e+09	5.8154e+03	7.8140e+07	1.0285e+08	8.9097e+02
iteration 3	3.2194e+09	6.9461e+04	1.0258e+08	1.3293e+08	4.0085e+03
iteration 3	5.7251e+09	7.2982e+05	1.3619e+08	1.7073e+08	1.7820e+04
iteration 3	1.0181e+10	6.2835e+06	1.8449e+08	2.1927e+08	7.3273e+04
iteration 3	1.8104e+10	4.2038e+07	2.5587e+08	2.8314e+08	2.6648e+05
iteration 3	3.2194e+10	2.0181e+08	3.4959e+08	3.6344e+08	8.3559e+05
iteration 3	5.7251e+10	7.0232e+08	4.6954e+08	4.6253e+08	2.2327e+06
iteration 3	1.0181e+11	1.7384e+09	6.1847e+08	5.8763e+08	5.1810e+06
iteration 3	1.8104e+11	3.3292e+09	8.1743e+08	7.6225e+08	1.0903e+07
iteration 4	3.2194e+11	5.3269e+09	1.1128e+09	1.0306e+09	2.1854e+07
iteration 3	5.7251e+11	7.6702e+09	1.5283e+09	1.3970e+09	4.3212e+07
iteration 3	1.0181e+12	1.0616e+10	2.0776e+09	1.8469e+09	8.6722e+07
iteration 4	1.8104e+12	1.4597e+10	2.7288e+09	2.3134e+09	1.8049e+08
iteration 4	3.2194e+12	2.0030e+10	3.0564e+09	2.2505e+09	3.9165e+08
iteration 5	5.7251e+12	2.7744e+10	3.4765e+09	2.2348e+09	7.4356e+08
iteration 5	1.0181e+13	3.9756e+10	3.5975e+09	2.1287e+09	1.0697e+09
iteration 5	1.8104e+13	5.7325e+10	3.7535e+09	2.1080e+09	6.1563e+08
